2251487
2467173
2538242
2542054
4011610
2553338
2644980
2645410
2837599
2862330
2871997
4055532
2977292
3000483
3046269
3114416
3114874
3213626
4011580
3172459
3172524
3172531
3192391
4011719
4018330
4018311
3213564
3218362
4011159
4011179
4011234
4018288
4011665
4018359
4018362
4018347
4018353
4018354
4018355
4018337
4018339
4012212
4012213
4093114
4055266
4055267
4014985
4014987
4015546
4015547
4023307
4092946
4018350
4019108
4019109
4019111
4019213
4019263
4022717
4022722
4022746
4022748
4022750
4022914
4047211
4025240
4025333
4025337
4025398
4025409
4025497
4025674
4048970
4026059
4026061
4032201
4034044
4034672
4034679
4034744
4034745
4034775
4042122
4035679
4038793
4093110
4041678
4048960
4048961
4052303
4053473
4054521
4054522
4056564
4056897
4056898
4058165
4073079
4074587
4074597
4093224
4074851
4087398
4088878
4088879
4089175
4090450
4100480
972221
972222
3192392
4011628
4018319
4093108
